ID	cdr3aa	v	j	count_c	freq_c	convergence_c	countSum_c	count_b	freq_b	convergence_b	countSum_b	freq_b_raw	FC	OR	Pvalue	FDR	Expanded	TrueTCR
1	CASSSANYGYTF	TRBV12-3	TRBJ1-2	2737967	0.4430074126162199	3	6180409	784	0.0001447846144186	3	5414940	0.0001447846144186	3059.77	5485.58	0.0	0.0	True	True
2	CASSLSSGTPGGDYTF	TRBV27	TRBJ1-2	809569	0.1309895510151512	1	6180409	352	6.500533708591416e-05	1	5414940	6.500533708591416e-05	2015.06	2312.08	0.0	0.0	True	True
3	CASSYGDRGAGNTIYF	TRBV6-6	TRBJ1-3	672536	0.1088173938003132	1	6180409	1723835	0.3183479410667523	1	5414940	0.3183479410667523	0.34	0.26	1.0	1.0	False	False
4	CASSPVTGQGYYGYTF	TRBV6-5	TRBJ1-2	351827	0.0569261678312875	2	6180409	22	4.062833567869635e-06	1	5414940	4.062833567869635e-06	14011.44	14211.23	0.0	0.0	True	True
5	CASSRQDGVEQYF	TRBV6-5	TRBJ2-7	295848	0.0478686766523056	1	6180409	1698813	0.3137270219060599	1	5414940	0.3137270219060599	0.15	0.11	1.0	1.0	False	False
6	CASSPGSLNYGYTF	TRBV12-3	TRBJ1-2	157195	0.0254344008624671	1	6180409	2	1e-06	1	5414940	3.693485061699668e-07	25434.4	47107.0	0.0	0.0	True	True
7	CASSSVTGTGSYGYTF	TRBV6-5	TRBJ1-2	138653	0.0224342757898385	1	6180409	12	2.216091037019801e-06	1	5414940	2.216091037019801e-06	10123.35	9559.13	0.0	0.0	True	True
8	CASSPITGTGGSYTF	TRBV6-5	TRBJ1-2	97029	0.0156994464282218	1	6180409	6	1.1080455185099005e-06	1	5414940	1.1080455185099005e-06	14168.59	12338.33	0.0	0.0	True	True
9	CASSPPGFRSYNEQFF	TRBV7-9	TRBJ2-1	30210	0.00488802601899	1	6180409	52881	0.009765759177387	1	5414940	0.009765759177387	0.5	0.5	1.0	1.0	False	False
10	CASSYSTGVPGELFF	TRBV6-5	TRBJ2-2	29340	0.0047472586361193	2	6180409	2	1e-06	1	5414940	3.693485061699668e-07	4747.26	8609.87	0.0	0.0	True	True
11	CSAREGETRNNEQFF	TRBV20-1	TRBJ2-1	25054	0.0040537770234947	1	6180409	28732	0.0053060606396377	1	5414940	0.0053060606396377	0.76	0.76	1.0	1.0	False	False
12	CASSQDSSGWSHEQFF	TRBV3-1	TRBJ2-1	17151	0.0027750590616252	1	6180409	3	1e-06	1	5414940	5.540227592549502e-07	2775.06	3767.37	0.0	0.0	True	True
13	CASSGVVSYEQYF	TRBV11-2	TRBJ2-7	16850	0.0027263567831837	1	6180409	27509	0.0050802040281148	1	5414940	0.0050802040281148	0.54	0.54	1.0	1.0	False	False
14	CASSFSLPYEQYF	TRBV12-3	TRBJ2-7	14510	0.0023477410637386	1	6180409	4	1e-06	1	5414940	7.386970123399336e-07	2347.74	2548.73	0.0	0.0	True	True
15	CAIEGTGNEQFF	TRBV11-3	TRBJ2-1	10525	0.0017029617295554	1	6180409	28247	0.0052164936268915	1	5414940	0.0052164936268915	0.33	0.33	1.0	1.0	False	False
16	CASSDRVEGTDTQYF	TRBV6-4	TRBJ2-3	10347	0.0016741610466232	1	6180409	15251	0.002816467033799	1	5414940	0.002816467033799	0.59	0.59	1.0	1.0	False	False
17	CSARDLSLAVYNEQFF	TRBV20-1	TRBJ2-1	10133	0.0016395355064689	1	6180409	15984	0.0029518332613102	2	5414940	0.0029518332613102	0.56	0.55	1.0	1.0	False	False
18	CASGAGTGSYEQYF	TRBV5-1	TRBJ2-7	9804	0.0015863027835212	1	6180409	16933	0.003127089127488	1	5414940	0.003127089127488	0.51	0.51	1.0	1.0	False	False
19	CASSDETAMLYGYTF	TRBV12-3	TRBJ1-2	9783	0.0015829049501415	2	6180409	2	1e-06	1	5414940	3.693485061699668e-07	1582.9	2861.93	0.0	0.0	True	True
20	CASSLVGLEDEQYF	TRBV5-1	TRBJ2-7	9627	0.0015576639021785	3	6180409	36464	0.0067339619644907	3	5414940	0.0067339619644907	0.23	0.23	1.0	1.0	False	False
21	CASSQVADYGNTIYF	TRBV4-3	TRBJ1-3	9415	0.0015233619652032	1	6180409	13134	0.0024255116400181	1	5414940	0.0024255116400181	0.63	0.63	1.0	1.0	False	False
22	CASRDRSSYEQYF	TRBV11-1	TRBJ2-7	8506	0.0013762843203419	1	6180409	16062	0.002966237853051	1	5414940	0.002966237853051	0.46	0.46	1.0	1.0	False	False
23	CASRADSREQYF	TRBV12-3	TRBJ2-7	8440	0.0013656054154344	1	6180409	0	1e-06	0	5414940	0.0	1365.61	7405.66	0.0	0.0	True	True
24	CSARSLKREAYNEQFF	TRBV20-1	TRBJ2-1	7841	0.0012686862633201	1	6180409	360	6.648273111059403e-05	1	5414940	6.648273111059403e-05	19.08	19.06	0.0	0.0	False	False
25	CASRGTGNYGYTF	TRBV12-3	TRBJ1-2	7832	0.0012672300490145	1	6180409	2540	0.0004690726028358	1	5414940	0.0004690726028358	2.7	2.7	0.0	0.0	False	False
26	CSARAHSDRAYYEQYF	TRBV20-1	TRBJ2-7	7372	0.0011928013178415	1	6180409	6901	0.0012744370205394	1	5414940	0.0012744370205394	0.94	0.94	0.9999628842594384	1.0	False	False
27	CSARDLATGYEQYF	TRBV20-1	TRBJ2-7	7314	0.0011834168256502	1	6180409	0	1e-06	0	5414940	0.0	1183.42	6416.6	0.0	0.0	True	False
28	CSARTSGSFYEQYF	TRBV20-1	TRBJ2-7	7103	0.0011492766902643	1	6180409	10183	0.0018805379191643	1	5414940	0.0018805379191643	0.61	0.61	1.0	1.0	False	False
29	CSARVKEYNEQFF	TRBV20-1	TRBJ2-1	7081	0.0011457170552952	1	6180409	13185	0.0024349300269255	1	5414940	0.0024349300269255	0.47	0.47	1.0	1.0	False	False
30	CASSPQTGVGNYGYTF	TRBV6-5	TRBJ1-2	6709	0.0010855268639988	1	6180409	1	1e-06	1	5414940	1.846742530849834e-07	1085.53	2942.66	0.0	0.0	True	True
31	CASSYMSSVTYEQYF	TRBV6-6	TRBJ2-7	6353	0.0010279254981345	1	6180409	16358	0.0030209014319641	1	5414940	0.0030209014319641	0.34	0.34	1.0	1.0	False	False
32	CASSQGSTLNTEAFF	TRBV4-3	TRBJ1-1	6208	0.001004464267656	1	6180409	8717	0.0016098054641418	1	5414940	0.0016098054641418	0.62	0.62	1.0	1.0	False	False
33	CAWTLGGNEQFF	TRBV30	TRBJ2-1	6060	0.0009805176324091	1	6180409	62776	0.0115931109116629	1	5414940	0.0115931109116629	0.08	0.08	1.0	1.0	False	False
34	CAIPSGARGELFF	TRBV6-5	TRBJ2-2	6025	0.0009748545767763	1	6180409	97786	0.0180585565121681	1	5414940	0.0180585565121681	0.05	0.05	1.0	1.0	False	False
35	CSARVLLRDTEYGEQYF	TRBV20-1	TRBJ2-7	5652	0.0009145025838904	1	6180409	0	1e-06	0	5414940	0.0	914.5	4957.39	0.0	0.0	True	False
36	CASSLVGLEDEQFF	TRBV5-1	TRBJ2-1	5288	0.0008556068053101	2	6180409	25243	0.0046617321706242	3	5414940	0.0046617321706242	0.18	0.18	1.0	1.0	False	False
37	CASSPSGSWGFDEQFF	TRBV7-3	TRBJ2-1	4229	0.0006842589220227	1	6180409	5399	0.0009970562924058	1	5414940	0.0009970562924058	0.69	0.69	1.0	1.0	False	False
38	CSASSPGQDYSPLHF	TRBV20-1	TRBJ1-6	4175	0.0006755216361894	1	6180409	11514	0.0021263393500204	1	5414940	0.0021263393500204	0.32	0.32	1.0	1.0	False	False
39	CAWMGAGSGNTIYF	TRBV30	TRBJ1-3	4014	0.0006494715802789	1	6180409	9259	0.0017098989093138	1	5414940	0.0017098989093138	0.38	0.38	1.0	1.0	False	False
40	CASSQPGQVSSPLHF	TRBV4-2	TRBJ1-6	3844	0.0006219653100628	1	6180409	6653	0.0012286378057743	1	5414940	0.0012286378057743	0.51	0.51	1.0	1.0	False	False
41	CASSLRTGVNEQYF	TRBV11-3	TRBJ2-7	3712	0.0006006075002479	1	6180409	7182	0.0013263304856563	1	5414940	0.0013263304856563	0.45	0.45	1.0	1.0	False	False
42	CASSQDPSNNEQFF	TRBV4-2	TRBJ2-1	3704	0.0005993130875319	2	6180409	3337	0.0006162579825445	2	5414940	0.0006162579825445	0.97	0.97	0.8813649945058262	1.0	False	False
43	CASSSRDRGTGANVLTF	TRBV7-8	TRBJ2-6	3480	0.0005630695314824	1	6180409	1363	0.0002517110069548	1	5414940	0.0002517110069548	2.24	2.24	4.8856564010116476e-154	1.7184032858730624e-153	False	False
45	CASSQREGAGVQNEQFF	TRBV4-1	TRBJ2-1	3433	0.0005554648567756	1	6180409	7784	0.0014375043860135	1	5414940	0.0014375043860135	0.39	0.39	1.0	1.0	False	False
44	CASSGSGDHEQYF	TRBV27	TRBJ2-7	3433	0.0005554648567756	1	6180409	10335	0.0019086084056333	1	5414940	0.0019086084056333	0.29	0.29	1.0	1.0	False	False
46	CSARVEGDTGELFF	TRBV20-1	TRBJ2-2	3419	0.0005531996345225	1	6180409	8705	0.0016075893731047	1	5414940	0.0016075893731047	0.34	0.34	1.0	1.0	False	False
47	CASSEGPESYEQYF	TRBV6-4	TRBJ2-7	3114	0.0005038501497231	1	6180409	4732	0.0008738785655981	1	5414940	0.0008738785655981	0.58	0.58	1.0	1.0	False	False
48	CASSEDSNQPQHF	TRBV6-4	TRBJ1-5	2854	0.0004617817364514	1	6180409	7142	0.0013189435155329	1	5414940	0.0013189435155329	0.35	0.35	1.0	1.0	False	False
49	CSARGPTSVNYEQYF	TRBV20-1	TRBJ2-7	2797	0.0004525590458495	1	6180409	1557	0.0002875378120533	1	5414940	0.0002875378120533	1.57	1.57	1.8702164659846057e-48	5.961314985325931e-48	False	False
50	CASSPTGLAAYEQYF	TRBV5-1	TRBJ2-7	2744	0.0004439835616057	1	6180409	0	1e-06	0	5414940	0.0	443.98	2406.09	0.0	0.0	True	False
51	CASSQDVPGTPPLHF	TRBV3-1	TRBJ1-6	2652	0.0004290978153711	1	6180409	7371	0.0013612339194894	1	5414940	0.0013612339194894	0.32	0.32	1.0	1.0	False	False
52	CSAQLAGEGSEQYF	TRBV20-1	TRBJ2-7	2434	0.0003938250688587	1	6180409	3511	0.0006483913025813	1	5414940	0.0006483913025813	0.61	0.61	1.0	1.0	False	False
53	CASRATEAFF	TRBV12-3	TRBJ1-1	2413	0.000390427235479	1	6180409	26563	0.0049055021846964	1	5414940	0.0049055021846964	0.08	0.08	1.0	1.0	False	False
54	CASRQRTAPYEQYF	TRBV6-1	TRBJ2-7	2279	0.0003687458224852	1	6180409	4422	0.0008166295471417	1	5414940	0.0008166295471417	0.45	0.45	1.0	1.0	False	False
55	CASSYGASGGDTQYF	TRBV6-2	TRBJ2-3	2239	0.0003622737589049	2	6180409	8107	0.0014971541697599	2	5414940	0.0014971541697599	0.24	0.24	1.0	1.0	False	False
56	CSASGLRGENSPLHF	TRBV20-1	TRBJ1-6	2233	0.0003613029493679	1	6180409	4675	0.0008633521331722	1	5414940	0.0008633521331722	0.42	0.42	1.0	1.0	False	False
57	CASSISGSSNEQFF	TRBV6-4	TRBJ2-1	2230	0.0003608175445993	1	6180409	1975	0.0003647316498428	1	5414940	0.0003647316498428	0.99	0.99	0.6431701997635513	1.0	False	False
58	CASSERPNGETQYF	TRBV6-1	TRBJ2-5	2221	0.0003593613302938	1	6180409	3127	0.0005774763893967	1	5414940	0.0005774763893967	0.62	0.62	1.0	1.0	False	False
59	CSARDIASGDHNEQFF	TRBV20-1	TRBJ2-1	2209	0.0003574197112197	1	6180409	724	0.0001337041592335	1	5414940	0.0001337041592335	2.67	2.67	2.053327617986592e-133	7.099641255411266e-133	False	False
60	CSARDGVPHRPQHF	TRBV20-1	TRBJ1-5	2190	0.0003543454810191	1	6180409	821	0.0001516175617827	1	5414940	0.0001516175617827	2.34	2.34	5.331708423380509e-106	1.812780863949373e-105	False	False
61	CASSFGGMNTEAFF	TRBV27	TRBJ1-1	2109	0.0003412395522691	1	6180409	10442	0.0019283685507133	1	5414940	0.0019283685507133	0.18	0.18	1.0	1.0	False	False
62	CATIQPGEQYF	TRBV6-6	TRBJ2-7	2036	0.0003294280362351	1	6180409	0	1e-06	0	5414940	0.0	329.43	1785.3	0.0	0.0	True	False
63	CASSAAGTGNSPLHF	TRBV6-4	TRBJ1-6	2034	0.0003291044330561	1	6180409	1653	0.0003052665403494	1	5414940	0.0003052665403494	1.08	1.08	0.0121025797010686	0.029746099506241	False	False
64	CASSQERIDGAFF	TRBV4-1	TRBJ1-1	1983	0.0003208525519913	1	6180409	1873	0.0003458948760281	1	5414940	0.0003458948760281	0.93	0.93	0.9906046864737634	1.0	False	False
65	CASSWLNSNQPQHF	TRBV12-3	TRBJ1-5	1954	0.0003161603058956	1	6180409	3512	0.0006485759768344	1	5414940	0.0006485759768344	0.49	0.49	1.0	1.0	False	False
66	CSARDGFKDYEQYF	TRBV20-1	TRBJ2-7	1929	0.0003121152661579	1	6180409	3830	0.0007073023893154	1	5414940	0.0007073023893154	0.44	0.44	1.0	1.0	False	False
67	CASSGLIRDEGVELHF	TRBV5-1	TRBJ1-6	1922	0.0003109826550314	1	6180409	2486	0.0004591001931692	1	5414940	0.0004591001931692	0.68	0.68	1.0	1.0	False	False
68	CASSHPQGSYNEQFF	TRBV6-2	TRBJ2-1	1802	0.0002915664642906	1	6180409	3632	0.0006707368872046	1	5414940	0.0006707368872046	0.43	0.43	1.0	1.0	False	False
69	CASSLSGGHSKPQHF	TRBV27	TRBJ1-5	1783	0.00028849223409	1	6180409	168858	0.0311837250274241	1	5414940	0.0311837250274241	0.01	0.01	1.0	1.0	False	False
70	CSAIWEGQTTEQYF	TRBV20-1	TRBJ2-7	1773	0.0002868742181949	1	6180409	0	1e-06	0	5414940	0.0	286.87	1554.73	0.0	0.0	True	False
71	CAWRGVENYGYTF	TRBV30	TRBJ1-2	1757	0.0002842853927628	1	6180409	8487	0.0015673303859322	1	5414940	0.0015673303859322	0.18	0.18	1.0	1.0	False	False
72	CASVPPGPYNEQFF	TRBV12-5	TRBJ2-1	1740	0.0002815347657412	1	6180409	2420	0.0004469116924656	1	5414940	0.0004469116924656	0.63	0.63	1.0	1.0	False	False
73	CASSPDPYGYTF	TRBV12-3	TRBJ1-2	1735	0.0002807257577936	2	6180409	578	0.0001067417182831	1	5414940	0.0001067417182831	2.63	2.63	1.248752343943559e-102	4.1761553797456724e-102	False	False
74	CASTLRGGLGSSYNSPLHF	TRBV7-9	TRBJ1-6	1702	0.0002753863053399	1	6180409	0	1e-06	0	5414940	0.0	275.39	1492.49	0.0	0.0	True	False
75	CASRGVSGYGYTF	TRBV12-3	TRBJ1-2	1690	0.0002734446862659	1	6180409	5233	0.0009664003663937	1	5414940	0.0009664003663937	0.28	0.28	1.0	1.0	False	False
76	CSAYVEDTSYEQYF	TRBV20-1	TRBJ2-7	1603	0.0002593679479788	1	6180409	3660	0.000675907766291	2	5414940	0.000675907766291	0.38	0.38	1.0	1.0	False	False
77	CASSRGEAGTSYNEQYF	TRBV7-8	TRBJ2-7	1601	0.0002590443447998	1	6180409	0	1e-06	0	5414940	0.0	259.04	1403.95	0.0	0.0	True	False
78	CASSLAGAGDTQYF	TRBV6-5	TRBJ2-3	1589	0.0002571027257257	2	6180409	16231	0.0029974478018223	2	5414940	0.0029974478018223	0.09	0.09	1.0	1.0	False	False
79	CASRLGTGVNEQFF	TRBV11-2	TRBJ2-1	1557	0.0002519250748615	1	6180409	2119	0.000391324742287	1	5414940	0.000391324742287	0.64	0.64	1.0	1.0	False	False
80	CASSSVVNYGYTF	TRBV11-3	TRBJ1-2	1527	0.0002470710271763	1	6180409	9153	0.0016903234384868	1	5414940	0.0016903234384868	0.15	0.15	1.0	1.0	False	False
81	CASSDSGYNEQFF	TRBV6-4	TRBJ2-1	1526	0.0002469092255868	1	6180409	2685	0.0004958503695331	1	5414940	0.0004958503695331	0.5	0.5	1.0	1.0	False	False
82	CASSLVGVEDEQYF	TRBV5-1	TRBJ2-7	1512	0.0002446440033337	2	6180409	6259	0.0011558761500589	4	5414940	0.0011558761500589	0.21	0.21	1.0	1.0	False	False
83	CASSLYTQISYNEQFF	TRBV7-6	TRBJ2-1	1505	0.0002435113922072	1	6180409	0	1e-06	0	5414940	0.0	243.51	1319.8	0.0	0.0	True	False
84	CASSIAGVSNEQFF	TRBV12-3	TRBJ2-1	1497	0.0002422169794911	1	6180409	6920	0.001277945831348	1	5414940	0.001277945831348	0.19	0.19	1.0	1.0	False	False
85	CSAGNYLRDRGVGEQYF	TRBV20-1	TRBJ2-7	1482	0.0002397899556485	1	6180409	0	1e-06	0	5414940	0.0	239.79	1299.64	0.0	0.0	True	False
86	CASSQDSAGVVTGELFF	TRBV4-2	TRBJ2-2	1472	0.0002381719397535	2	6180409	1233	0.0002277033540537	1	5414940	0.0002277033540537	1.05	1.05	0.1266314795911853	0.3039155510188447	False	False
87	CASSLSAGGGYNEQFF	TRBV7-8	TRBJ2-1	1454	0.0002352595111423	1	6180409	1540	0.0002843983497508	1	5414940	0.0002843983497508	0.83	0.83	0.9999999046373884	1.0	False	False
89	CASSGQGAGNNEQFF	TRBV9	TRBJ2-1	1444	0.0002336414952473	1	6180409	1991	0.0003676864378922	1	5414940	0.0003676864378922	0.64	0.64	1.0	1.0	False	False
88	CAWRGGFPEAFF	TRBV30	TRBJ1-1	1444	0.0002336414952473	1	6180409	5191	0.0009586440477641	1	5414940	0.0009586440477641	0.24	0.24	1.0	1.0	False	False
90	CASSGTAQETQYF	TRBV6-2	TRBJ2-5	1436	0.0002323470825312	2	6180409	6235	0.0011514439679848	1	5414940	0.0011514439679848	0.2	0.2	1.0	1.0	False	False
91	CASRTTSSSTDTQYF	TRBV12-3	TRBJ2-3	1429	0.0002312144714047	1	6180409	6516	0.0012033374331017	1	5414940	0.0012033374331017	0.19	0.19	1.0	1.0	False	False
92	CSARLTESFYEQYF	TRBV20-1	TRBJ2-7	1417	0.0002292728523306	1	6180409	1984	0.0003663937181206	1	5414940	0.0003663937181206	0.63	0.63	1.0	1.0	False	False
93	CASSYSTGVPDTQYF	TRBV6-5	TRBJ2-3	1399	0.0002263604237195	2	6180409	0	1e-06	0	5414940	0.0	226.36	1226.88	0.0	0.0	True	True
94	CSARGERDSYEQYF	TRBV20-1	TRBJ2-7	1386	0.0002242570030559	1	6180409	2087	0.0003854151661883	1	5414940	0.0003854151661883	0.58	0.58	1.0	1.0	False	False
95	CSAPRLAGTDEQFF	TRBV20-1	TRBJ2-1	1351	0.0002185939474232	1	6180409	0	1e-06	0	5414940	0.0	218.59	1184.81	0.0	0.0	True	False
96	CASSQVADYSYEQYF	TRBV4-3	TRBJ2-7	1334	0.0002158433204016	3	6180409	3295	0.000608501663915	2	5414940	0.000608501663915	0.35	0.35	1.0	1.0	False	False
97	CASSLVGVEDEQFF	TRBV5-1	TRBJ2-1	1295	0.0002095330584108	1	6180409	754	0.000139244386826	1	5414940	0.000139244386826	1.5	1.5	9.122041806244345e-20	2.6584236121054944e-19	False	False
98	CASSAIAGGPDEQYF	TRBV6-1	TRBJ2-7	1256	0.0002032227964201	1	6180409	1006	0.0001857822986034	1	5414940	0.0001857822986034	1.09	1.09	0.0179240964587475	0.0435299485426724	False	False
99	CASSVGALRGNEQFF	TRBV9	TRBJ2-1	1251	0.0002024137884725	1	6180409	538	9.935474815972106e-05	1	5414940	9.935474815972106e-05	2.04	2.04	9.857128405860927e-47	3.093621838147122e-46	False	False
100	CSARGTGDTQPQHF	TRBV20-1	TRBJ1-5	1243	0.0002011193757565	1	6180409	2553	0.0004714733681259	1	5414940	0.0004714733681259	0.43	0.43	1.0	1.0	False	False
101	CSARDSGKTYGYTF	TRBV20-1	TRBJ1-2	1219	0.0001972361376083	1	6180409	923	0.0001704543355974	1	5414940	0.0001704543355974	1.16	1.16	0.0004374083128311	0.0011153911977194	False	False
102	CASSQAGEKLFF	TRBV4-3	TRBJ1-4	1196	0.0001935147010497	1	6180409	3	1e-06	1	5414940	5.540227592549502e-07	193.51	262.24	3.099047e-318	2.4315594e-317	True	False
103	CASSDGRATGELFF	TRBV6-4	TRBJ2-2	1194	0.0001931910978707	1	6180409	2322	0.0004288136156633	1	5414940	0.0004288136156633	0.45	0.45	1.0	1.0	False	False
104	CASSQGQENQPQHF	TRBV4-3	TRBJ1-5	1194	0.0001931910978707	1	6180409	1885	0.0003481109670651	1	5414940	0.0003481109670651	0.55	0.56	1.0	1.0	False	False
105	CASSGRLAAGNEQFF	TRBV9	TRBJ2-1	1182	0.0001912494787966	1	6180409	6945	0.0012825626876752	1	5414940	0.0012825626876752	0.15	0.15	1.0	1.0	False	False
106	CSARVGYHSGHEQFF	TRBV20-1	TRBJ2-1	1165	0.000188498851775	1	6180409	0	1e-06	0	5414940	0.0	188.5	1021.78	1.2180986e-316	9.20341157e-316	True	False
107	CASSETANSPLHF	TRBV6-4	TRBJ1-6	1165	0.000188498851775	1	6180409	708	0.0001307493711841	1	5414940	0.0001307493711841	1.44	1.44	4.96233553903777e-15	1.4059950693940347e-14	False	False
108	CASSDSTGGPTDTQYF	TRBV6-4	TRBJ2-3	1164	0.0001883370501855	1	6180409	1256	0.0002319508618747	1	5414940	0.0002319508618747	0.81	0.81	0.9999998651298032	1.0	False	False
109	CASRGVRDYEQYF	TRBV12-3	TRBJ2-7	1162	0.0001880134470065	1	6180409	8624	0.0015926307586048	1	5414940	0.0015926307586048	0.12	0.12	1.0	1.0	False	False
110	CASSQETARFYEQYF	TRBV4-1	TRBJ2-7	1146	0.0001854246215743	1	6180409	817	0.0001508788647704	1	5414940	0.0001508788647704	1.23	1.23	3.455676517410881e-06	9.155298825348307e-06	False	False
111	CASSETTELTGNTIYF	TRBV6-1	TRBJ1-3	1136	0.0001838066056793	1	6180409	4271	0.0007887437349259	1	5414940	0.0007887437349259	0.23	0.23	1.0	1.0	False	False
112	CASSQGRHTNYGYTF	TRBV4-3	TRBJ1-2	1130	0.0001828357961422	1	6180409	0	1e-06	0	5414940	0.0	182.84	991.1	4.346304620747473e-307	3.166593366544587e-306	True	False
113	CASRGVSDYGYTF	TRBV6-5	TRBJ1-2	1129	0.0001826739945527	1	6180409	4190	0.000773785120426	1	5414940	0.000773785120426	0.24	0.24	1.0	1.0	False	False
114	CASSYGGESYEQYF	TRBV6-5	TRBJ2-7	1128	0.0001825121929632	1	6180409	730	0.000134812204752	1	5414940	0.000134812204752	1.35	1.35	7.538315737563816e-11	2.10659782255208e-10	False	False
115	CASSESAGGNQPQHF	TRBV6-4	TRBJ1-5	1123	0.0001817031850157	1	6180409	2088	0.0003855998404414	1	5414940	0.0003855998404414	0.47	0.47	1.0	1.0	False	False
116	CASTEGGNTIYF	TRBV12-3	TRBJ1-3	1120	0.0001812177802472	1	6180409	789	0.000145707985684	2	5414940	0.000145707985684	1.24	1.24	1.3758621462853922e-06	3.693103655818685e-06	False	False
117	CSALRRETEQFF	TRBV20-1	TRBJ2-1	1119	0.0001810559786577	1	6180409	0	1e-06	0	5414940	0.0	181.06	981.46	4.367391952346748e-304	3.0722343388921945e-303	True	False
118	CASSLSGGAGEKLFF	TRBV28	TRBJ1-4	1118	0.0001808941770682	1	6180409	812	0.000149955493505	1	5414940	0.000149955493505	1.21	1.21	2.4856975473383063e-05	6.418763286797652e-05	False	False
119	CSARGAGEYNEQFF	TRBV20-1	TRBJ2-1	1106	0.0001789525579941	1	6180409	2867	0.0005294610835946	1	5414940	0.0005294610835946	0.34	0.34	1.0	1.0	False	False
120	CSATPTGTDYQPQHF	TRBV20-1	TRBJ1-5	1098	0.000177658145278	1	6180409	1	1e-06	1	5414940	1.846742530849834e-07	177.66	481.53	6.052562134718556e-296	3.98297637252447e-295	True	False
121	CSARVGAENEKLFF	TRBV20-1	TRBJ1-4	1091	0.0001765255341515	1	6180409	0	1e-06	0	5414940	0.0	176.53	956.92	1.913058215136629e-296	1.300879586292908e-295	True	False
122	CSAPSALDGLALHF	TRBV20-1	TRBJ1-6	1059	0.0001713478832873	1	6180409	0	1e-06	0	5414940	0.0	171.35	928.87	1.0339443430217942e-287	6.591395186763937e-287	True	False
123	CASSTSGNTEAFF	TRBV6-4	TRBJ1-1	1042	0.0001685972562657	1	6180409	944	0.0001743324949122	1	5414940	0.0001743324949122	0.97	0.97	0.7792990917873771	1.0	False	False
124	CASSMSNPAYGYTF	TRBV27	TRBJ1-2	1040	0.0001682736530867	1	6180409	3285	0.0006066549213841	1	5414940	0.0006066549213841	0.28	0.28	1.0	1.0	False	False
125	CSARDLSVDYNEQFF	TRBV20-1	TRBJ2-1	1038	0.0001679500499077	1	6180409	551	0.0001017555134498	1	5414940	0.0001017555134498	1.65	1.65	1.9929285167254605e-22	5.892136484231796e-22	False	False
126	CASSVGGTGNNEQFF	TRBV9	TRBJ2-1	1033	0.0001671410419601	1	6180409	1058	0.0001953853597639	1	5414940	0.0001953853597639	0.86	0.86	0.9998363023403112	1.0	False	False
127	CASSQEELAEGEADTQYF	TRBV4-3	TRBJ2-3	1029	0.0001664938356021	1	6180409	3972	0.0007335261332535	1	5414940	0.0007335261332535	0.23	0.23	1.0	1.0	False	False
128	CSAPRWQIGPEAFF	TRBV20-1	TRBJ1-1	996	0.0001611543831484	1	6180409	457	8.439613365983741e-05	1	5414940	8.439613365983741e-05	1.91	1.91	2.2730605810908743e-32	6.920960575261766e-32	False	False
129	CASSLGPGINPLHF	TRBV11-2	TRBJ1-6	993	0.0001606689783799	1	6180409	2011	0.0003713799229539	1	5414940	0.0003713799229539	0.43	0.43	1.0	1.0	False	False
130	CSAREEGGRSPLHF	TRBV20-1	TRBJ1-6	992	0.0001605071767904	1	6180409	0	1e-06	0	5414940	0.0	160.51	870.15	1.982971951897889e-269	1.225837206627786e-268	True	False
131	CASSDAGVNEQFF	TRBV6-4	TRBJ2-1	984	0.0001592127640743	1	6180409	3876	0.0007157974049573	1	5414940	0.0007157974049573	0.22	0.22	1.0	1.0	False	False
132	CSARDSGREGSPLHF	TRBV20-1	TRBJ1-6	982	0.0001588891608953	1	6180409	2308	0.0004262281761201	1	5414940	0.0004262281761201	0.37	0.37	1.0	1.0	False	False
133	CASSLEGSSGNTIYF	TRBV5-1	TRBJ1-3	982	0.0001588891608953	5	6180409	355	6.555935984516911e-05	2	5414940	6.555935984516911e-05	2.42	2.42	1.079758084671143e-51	3.4963595122684626e-51	False	False
134	CASSLQKGDQGEQFF	TRBV9	TRBJ2-1	980	0.0001585655577163	1	6180409	1753	0.0003237339656579	1	5414940	0.0003237339656579	0.49	0.49	1.0	1.0	False	False
135	CASSGGQGNTGELFF	TRBV6-4	TRBJ2-2	971	0.0001571093434107	1	6180409	2700	0.0004986204833294	1	5414940	0.0004986204833294	0.32	0.32	1.0	1.0	False	False
136	CSARAGTTGTSGHRGPTDTQYF	TRBV20-1	TRBJ2-3	967	0.0001564621370527	1	6180409	1541	0.0002845830240039	1	5414940	0.0002845830240039	0.55	0.55	1.0	1.0	False	False
137	CSASTGTYSNQPQHF	TRBV20-1	TRBJ1-5	965	0.0001561385338737	1	6180409	0	1e-06	0	5414940	0.0	156.14	846.49	4.6178066772078043e-262	2.7706840063246827e-261	True	False
138	CSADSGRANYEQYF	TRBV20-1	TRBJ2-7	964	0.0001559767322842	1	6180409	0	1e-06	0	5414940	0.0	155.98	845.61	8.655360883232435e-262	5.044838914798333e-261	True	False
139	CSAREAGHSSYEQYF	TRBV20-1	TRBJ2-7	960	0.0001553295259261	1	6180409	0	1e-06	0	5414940	0.0	155.33	842.11	1.0682623757291488e-260	6.053486795798509e-260	True	False
140	CASSEGETGELFF	TRBV6-4	TRBJ2-2	958	0.0001550059227471	1	6180409	853	0.0001575271378814	1	5414940	0.0001575271378814	0.98	0.98	0.6441780104756947	1.0	False	False
141	CASSQVNSGSYNEQFF	TRBV14	TRBJ2-1	944	0.000152740700494	1	6180409	0	1e-06	0	5414940	0.0	152.74	828.08	2.478381450178352e-256	1.366458961719956e-255	True	False
142	CASSPHTSGGEYQETQYF	TRBV6-4	TRBJ2-5	937	0.0001516080893675	1	6180409	2729	0.0005039760366689	1	5414940	0.0005039760366689	0.3	0.3	1.0	1.0	False	False
143	CASSLGVGYEQYF	TRBV27	TRBJ2-7	936	0.000151446287778	2	6180409	3833	0.0007078564120747	1	5414940	0.0007078564120747	0.21	0.21	1.0	1.0	False	False
144	CASGLVRTEAFF	TRBV12-5	TRBJ1-1	926	0.0001498282718829	1	6180409	10227	0.0018886635863001	1	5414940	0.0018886635863001	0.08	0.08	1.0	1.0	False	False
145	CASSAGGPNEQFF	TRBV6-4	TRBJ2-1	924	0.0001495046687039	1	6180409	1358	0.0002507876356894	1	5414940	0.0002507876356894	0.6	0.6	1.0	1.0	False	False
146	CSARDPGLGSVEQYF	TRBV20-1	TRBJ2-7	918	0.0001485338591669	1	6180409	2816	0.0005200426966873	1	5414940	0.0005200426966873	0.29	0.29	1.0	1.0	False	True
147	CSASREGAAYEQYF	TRBV20-1	TRBJ2-7	905	0.0001464304385033	1	6180409	1	1e-06	1	5414940	1.846742530849834e-07	146.43	396.95	2.2984429845178385e-243	1.2339009706358923e-242	True	False
148	CASGGVNSYEQYF	TRBV12-5	TRBJ2-7	891	0.0001441652162502	1	6180409	2035	0.0003758121050279	1	5414940	0.0003758121050279	0.38	0.38	1.0	1.0	False	False
149	CASRSAGHTPRWVYNEQFF	TRBV11-3	TRBJ2-1	888	0.0001436798114817	1	6180409	3641	0.0006723989554824	1	5414940	0.0006723989554824	0.21	0.21	1.0	1.0	False	False
150	CSARVDRGFSPLHF	TRBV20-1	TRBJ1-6	882	0.0001427090019446	1	6180409	0	1e-06	0	5414940	0.0	142.71	773.75	2.03775857225958e-239	1.0659044839511649e-238	True	False
151	CAWSSQREPSYEQYF	TRBV30	TRBJ2-7	877	0.0001418999939971	1	6180409	438	8.088732285122273e-05	1	5414940	8.088732285122273e-05	1.75	1.75	4.927139087196022e-23	1.478141726158807e-22	False	False
153	CASSQDLGQGSSPLHF	TRBV4-2	TRBJ1-6	868	0.0001404437796916	1	6180409	756	0.0001396137353322	1	5414940	0.0001396137353322	1.01	1.01	0.4639817497456381	1.0	False	False
152	CASSYLPEKNTEAFF	TRBV6-5	TRBJ1-1	868	0.0001404437796916	1	6180409	2446	0.0004517132230458	1	5414940	0.0004517132230458	0.31	0.31	1.0	1.0	False	False
154	CASSDSGTDTQYF	TRBV6-4	TRBJ2-3	864	0.0001397965733335	1	6180409	572	0.0001056336727646	2	5414940	0.0001056336727646	1.32	1.32	9.68742304925942e-08	2.670586894660705e-07	False	False
155	CASSLVAGIYEQYF	TRBV11-2	TRBJ2-7	858	0.0001388257637965	1	6180409	3481	0.0006428510749888	1	5414940	0.0006428510749888	0.22	0.22	1.0	1.0	False	False
156	CSAGLAGRYSYEQYF	TRBV20-1	TRBJ2-7	853	0.000138016755849	1	6180409	0	1e-06	0	5414940	0.0	138.02	748.33	1.6605139004854517e-231	8.468620892475804e-231	True	False
157	CASSRGTVSQYF	TRBV12-3	TRBJ2-5	848	0.0001372077479014	1	6180409	5584	0.0010312210292265	1	5414940	0.0010312210292265	0.13	0.13	1.0	1.0	False	False
158	CASSEAGGTDTQYF	TRBV6-4	TRBJ2-3	848	0.0001372077479014	1	6180409	2085	0.0003850458176821	1	5414940	0.0003850458176821	0.36	0.36	1.0	1.0	False	False
159	CASSLLRFSGEQYF	TRBV6-2	TRBJ2-7	842	0.0001362369383644	2	6180409	0	1e-06	0	5414940	0.0	136.24	738.69	1.6628953150567043e-228	8.273918152965064e-228	True	False
160	CASRGVSSYEQYF	TRBV12-3	TRBJ2-7	834	0.0001349425256483	2	6180409	721	0.0001331501364742	1	5414940	0.0001331501364742	1.01	1.01	0.4076844723827044	0.9670654926287406	False	False
161	CSASSDQRDPWQETQYF	TRBV20-1	TRBJ2-5	832	0.0001346189224693	1	6180409	2072	0.000382645052392	1	5414940	0.000382645052392	0.35	0.35	1.0	1.0	False	False
162	CASSFSRQDREFGQPQHF	TRBV7-8	TRBJ1-5	820	0.0001326773033952	1	6180409	0	1e-06	0	5414940	0.0	132.68	719.41	1.666767778116763e-222	8.095729207995707e-222	True	False
163	CSARRVEFEQFF	TRBV20-1	TRBJ2-1	819	0.0001325155018057	1	6180409	1024	0.000189106435159	1	5414940	0.000189106435159	0.7	0.7	0.9999999999999896	1.0	False	False
164	CASSYGPSDEQYF	TRBV6-2	TRBJ2-7	812	0.0001313828906792	1	6180409	2041	0.0003769201505464	1	5414940	0.0003769201505464	0.35	0.35	1.0	1.0	False	False
165	CASTWGAGTGDEKLFF	TRBV6-1	TRBJ1-4	800	0.0001294412716051	1	6180409	3606	0.0006659353566244	1	5414940	0.0006659353566244	0.19	0.19	1.0	1.0	False	False
166	CSARDPAGWEYEQYF	TRBV20-1	TRBJ2-7	795	0.0001286322636576	1	6180409	939	0.0001734091236467	2	5414940	0.0001734091236467	0.74	0.74	0.9999999997756186	1.0	False	False
167	CSAPKTGTGIAEQFF	TRBV20-1	TRBJ2-1	790	0.00012782325571	1	6180409	0	1e-06	0	5414940	0.0	127.82	693.12	2.538292916274804e-214	1.2042133835350236e-213	True	False
168	CSAPPAANEQFF	TRBV20-1	TRBJ2-1	781	0.0001263670414045	1	6180409	0	1e-06	0	5414940	0.0	126.37	685.23	7.231308359944017e-212	3.352697512337681e-211	True	False
169	CASSPGDAGANVLTF	TRBV6-4	TRBJ2-6	770	0.0001245872239199	1	6180409	506	9.34451720610016e-05	1	5414940	9.34451720610016e-05	1.33	1.33	2.438538030905522e-07	6.632823444063019e-07	False	False
170	CSASTSGSIDEQYF	TRBV20-1	TRBJ2-7	769	0.0001244254223304	1	6180409	1808	0.0003338910495776	1	5414940	0.0003338910495776	0.37	0.37	1.0	1.0	False	False
171	CASSSTFGGRAFEQFF	TRBV7-9	TRBJ2-1	766	0.0001239400175619	1	6180409	929	0.0001715623811159	1	5414940	0.0001715623811159	0.72	0.72	0.9999999999900449	1.0	False	False
172	CSARDGAGGIYEQYF	TRBV20-1	TRBJ2-7	755	0.0001221602000773	1	6180409	565	0.000104340952993	1	5414940	0.000104340952993	1.17	1.17	0.0024806317527545	0.0061713277751454	False	False
173	CASSPIAGARADTQYF	TRBV28	TRBJ2-3	754	0.0001219983984878	2	6180409	517	9.54765888449364e-05	1	5414940	9.54765888449364e-05	1.28	1.28	9.164543429712783e-06	2.396880589309497e-05	False	False
174	CASRGVHSYEQYF	TRBV6-5	TRBJ2-7	752	0.0001216747953088	1	6180409	2411	0.0004452496241878	1	5414940	0.0004452496241878	0.27	0.27	1.0	1.0	False	False
175	CASSSVTGTGGSYTF	TRBV6-5	TRBJ1-2	752	0.0001216747953088	1	6180409	0	1e-06	0	5414940	0.0	121.67	659.82	5.8655884097330774e-204	2.6590667457456614e-203	True	True
176	CASSPPVYNEQFF	TRBV12-3	TRBJ2-1	738	0.0001194095730557	1	6180409	675	0.0001246551208323	1	5414940	0.0001246551208323	0.96	0.96	0.7987268450083488	1.0	False	False
177	CASSDSSENTGELFF	TRBV6-4	TRBJ2-2	728	0.0001177915571606	1	6180409	1319	0.000243585339819	1	5414940	0.000243585339819	0.48	0.48	1.0	1.0	False	False
178	CASSNQGYTEAFF	TRBV28	TRBJ1-1	726	0.0001174679539816	1	6180409	0	1e-06	0	5414940	0.0	117.47	637.03	7.221994369336782e-197	3.202797502923269e-196	True	True
179	CSAKGQEGVDNNSPLHF	TRBV20-1	TRBJ1-6	721	0.0001166589460341	1	6180409	0	1e-06	0	5414940	0.0	116.66	632.65	1.6677097538586797e-195	7.238569995471715e-195	True	False
180	CASSVGLGRGLAGREQFF	TRBV9	TRBJ2-1	720	0.0001164971444446	1	6180409	0	1e-06	0	5414940	0.0	116.5	631.77	3.124716055833708e-195	1.328004323729326e-194	True	False
181	CASTLDRTLGGYEQYF	TRBV11-2	TRBJ2-7	714	0.0001155263349076	1	6180409	157	2.8993857734342392e-05	1	5414940	2.8993857734342392e-05	3.98	3.97	2.0881892440731284e-70	6.870816222434165e-70	False	False
182	CASSLRDRVSEQYF	TRBV12-3	TRBJ2-7	706	0.0001142319221915	1	6180409	356	6.574403409825409e-05	1	5414940	6.574403409825409e-05	1.74	1.74	2.231276688101167e-18	6.4109921742625094e-18	False	False
183	CASSAGTGTYNEQFF	TRBV9	TRBJ2-1	701	0.000113422914244	1	6180409	506	9.34451720610016e-05	1	5414940	9.34451720610016e-05	1.21	1.21	0.0004835760932079	0.0012178953458569	False	False
184	CSARDHGRDTGELFF	TRBV20-1	TRBJ2-2	693	0.0001121285015279	1	6180409	857	0.0001582658348938	1	5414940	0.0001582658348938	0.71	0.71	0.999999999994604	1.0	False	False
185	CSATPREMSYNEQFF	TRBV20-1	TRBJ2-1	688	0.0001113194935804	1	6180409	2042	0.0003771048247995	1	5414940	0.0003771048247995	0.3	0.3	1.0	1.0	False	False
186	CSAPGGTYNEQFF	TRBV20-1	TRBJ2-1	681	0.0001101868824538	1	6180409	0	1e-06	0	5414940	0.0	110.19	597.6	1.3459441804482678e-184	5.603522710437686e-184	True	False
187	CASSATDSPPFYEQYF	TRBV28	TRBJ2-7	676	0.0001093778745063	1	6180409	0	1e-06	0	5414940	0.0	109.38	593.22	3.106602597407103e-183	1.2674938597420983e-182	True	False
188	CSAKKRGYNSPLHF	TRBV20-1	TRBJ1-6	658	0.0001064654458952	1	6180409	0	1e-06	0	5414940	0.0	106.47	577.44	2.510802781208202e-178	1.0043211124832808e-177	True	False
189	CASRGGMDYNQPQHF	TRBV28	TRBJ1-5	655	0.0001059800411267	1	6180409	198	3.656550211082671e-05	1	5414940	3.656550211082671e-05	2.9	2.89	1.2284319612344238e-45	3.796971516542764e-45	False	False
190	CASSPLGAGPHNEQFF	TRBV27	TRBJ2-1	653	0.0001056564379477	1	6180409	0	1e-06	0	5414940	0.0	105.66	573.06	5.7937030573598985e-177	2.272914276348884e-176	True	True
191	CASSGASSYEQYF	TRBV12-3	TRBJ2-7	652	0.0001054946363582	1	6180409	583	0.0001076650895485	1	5414940	0.0001076650895485	0.98	0.98	0.651653664025831	1.0	False	False
192	CASITAAGELFF	TRBV4-2	TRBJ2-2	650	0.0001051710331791	1	6180409	1131	0.0002088665802391	1	5414940	0.0002088665802391	0.5	0.5	1.0	1.0	False	False
193	CSAIKGLGVQPQHF	TRBV20-1	TRBJ1-5	642	0.0001038766204631	1	6180409	0	1e-06	0	5414940	0.0	103.88	563.42	5.778032929980444e-174	2.2239975805962458e-173	True	False
195	CASRGIGGYGYTF	TRBV12-3	TRBJ1-2	638	0.0001032294141051	1	6180409	1675	0.0003093293739173	1	5414940	0.0003093293739173	0.33	0.33	1.0	1.0	False	False
194	CASSPQENTEAFF	TRBV6-2	TRBJ1-1	638	0.0001032294141051	1	6180409	1954	0.000360853490528	1	5414940	0.000360853490528	0.29	0.29	1.0	1.0	False	False
196	CSASPRRSGQPQHF	TRBV20-1	TRBJ1-5	637	0.0001030676125156	1	6180409	0	1e-06	0	5414940	0.0	103.07	559.04	1.3330269631441097e-172	5.0358796385444144e-172	True	False
197	CSATDAGGSQLFDEQFF	TRBV20-1	TRBJ2-1	634	0.000102582207747	1	6180409	0	1e-06	0	5414940	0.0	102.58	556.41	8.763169287980176e-172	3.250339154087192e-171	True	False
198	CASSCRDRTSGRAYEQYF	TRBV7-7	TRBJ2-7	633	0.0001024204061575	1	6180409	589	0.000108773135067	1	5414940	0.000108773135067	0.94	0.94	0.8605598003642192	1.0	False	False
199	CASSQETGEGNSPLHF	TRBV4-2	TRBJ1-6	630	0.000101935001389	1	6180409	0	1e-06	0	5414940	0.0	101.94	552.9	1.0791341550306402e-170	3.9311315647544746e-170	True	False
200	CASSQGDTGELFF	TRBV6-4	TRBJ2-2	626	0.000101287795031	1	6180409	914	0.0001687922673196	1	5414940	0.0001687922673196	0.6	0.6	1.0	1.0	False	False
201	CASSAGESYNEQFF	TRBV6-4	TRBJ2-1	626	0.000101287795031	1	6180409	1125	0.0002077585347206	1	5414940	0.0002077585347206	0.49	0.49	1.0	1.0	False	False
202	CASSVQGYTEAFF	TRBV28	TRBJ1-1	625	0.0001011259934415	1	6180409	0	1e-06	0	5414940	0.0	101.13	548.52	2.4892475812988332e-169	8.908886080437931e-169	True	True
203	CASSQTPGQNTGELFF	TRBV4-3	TRBJ2-2	623	0.0001008023902625	1	6180409	3062	0.0005654725629462	1	5414940	0.0005654725629462	0.18	0.18	1.0	1.0	False	False
204	CSARDPRREENIQYF	TRBV20-1	TRBJ2-4	622	0.000100640588673	1	6180409	677	0.0001250244693385	2	5414940	0.0001250244693385	0.8	0.81	0.9999587992891223	1.0	False	False
